ambient[]={1.000000,1.000000,1.000000,1.000000};
diffuse[]={1.000000,1.000000,1.000000,1.000000};
forcedDiffuse[]={0.000000,0.000000,0.000000,0.000000};
emmisive[]={0.000000,0.000000,0.000000,0.000000};
specular[]={0.667000,0.667000,0.667000,0.000000};
specularPower=63.400002;
PixelShaderID="Normal";
VertexShaderID="Basic";
